%YAML:1.0
---
Angle_pitch: 5.4159098863601685e-01
Angle_yaw: 8.2909530401229858e-01
Angle_roll: -3.9999997615814209e-01
