%YAML:1.0
---
Camera_undistort_fx: 2.6032607421875000e+03
Camera_undistort_fy: 2.6066191406250000e+03
Camera_undistort_cx: 1.0359091796875000e+03
Camera_undistort_cy: 6.0669500732421875e+02
Angle_pitch: 5.4159099233458119e-01
Angle_yaw: 8.2909531900669153e-01
Angle_roll: 0.
