fx: 2093.13725052250
fy: 2090.92080286219
cx: 905.510754080838
cy: 635.553811237721
radial_distortion: -1.10076921749662 1.57360335146798 -1.14209624247114
tangential_distortion: 0.000417695515741361 -0.00124757026275693
